Vertex Count: 1800

Data:

-10 -0 -8 0 0.9 0 1 -0
-8 -0 -10 0.1 1 0 1 -0
-10 -0 -10 0 1 0 1 -0
-8 -0 -8 0.1 0.9 0 1 -0
-8 -0 -10 0.1 1 0 1 -0
-10 -0 -8 0 0.9 0 1 -0
-8 -0 -8 0.1 0.9 0 1 -0
-6 -0 -10 0.2 1 0 1 -0
-8 -0 -10 0.1 1 0 1 -0
-6 -0 -8 0.2 0.9 0 1 -0
-6 -0 -10 0.2 1 0 1 -0
-8 -0 -8 0.1 0.9 0 1 -0
-6 -0 -8 0.2 0.9 0 1 -0
-4 -0 -10 0.3 1 0 1 -0
-6 -0 -10 0.2 1 0 1 -0
-4 -0 -8 0.3 0.9 0 1 -0
-4 -0 -10 0.3 1 0 1 -0
-6 -0 -8 0.2 0.9 0 1 -0
-4 -0 -8 0.3 0.9 0 1 -0
-2 -0 -10 0.4 1 0 1 -0
-4 -0 -10 0.3 1 0 1 -0
-2 -0 -8 0.4 0.9 0 1 -0
-2 -0 -10 0.4 1 0 1 -0
-4 -0 -8 0.3 0.9 0 1 -0
-2 -0 -8 0.4 0.9 0 1 -0
0 -0 -10 0.5 1 0 1 -0
-2 -0 -10 0.4 1 0 1 -0
0 -0 -8 0.5 0.9 0 1 -0
0 -0 -10 0.5 1 0 1 -0
-2 -0 -8 0.4 0.9 0 1 -0
0 -0 -8 0.5 0.9 0 1 -0
2 -0 -10 0.6 1 0 1 -0
0 -0 -10 0.5 1 0 1 -0
2 -0 -8 0.6 0.9 0 1 -0
2 -0 -10 0.6 1 0 1 -0
0 -0 -8 0.5 0.9 0 1 -0
2 -0 -8 0.6 0.9 0 1 -0
4 -0 -10 0.7 1 0 1 -0
2 -0 -10 0.6 1 0 1 -0
4 -0 -8 0.7 0.9 0 1 -0
4 -0 -10 0.7 1 0 1 -0
2 -0 -8 0.6 0.9 0 1 -0
4 -0 -8 0.7 0.9 0 1 -0
6 -0 -10 0.8 1 0 1 -0
4 -0 -10 0.7 1 0 1 -0
6 -0 -8 0.8 0.9 0 1 -0
6 -0 -10 0.8 1 0 1 -0
4 -0 -8 0.7 0.9 0 1 -0
6 -0 -8 0.8 0.9 0 1 -0
8 -0 -10 0.9 1 0 1 -0
6 -0 -10 0.8 1 0 1 -0
8 -0 -8 0.9 0.9 0 1 -0
8 -0 -10 0.9 1 0 1 -0
6 -0 -8 0.8 0.9 0 1 -0
8 -0 -8 0.9 0.9 0 1 -0
10 -0 -10 1 1 0 1 -0
8 -0 -10 0.9 1 0 1 -0
10 -0 -8 1 0.9 0 1 -0
10 -0 -10 1 1 0 1 -0
8 -0 -8 0.9 0.9 0 1 -0
-10 -0 -6 0 0.8 0 1 -0
-8 -0 -8 0.1 0.9 0 1 -0
-10 -0 -8 0 0.9 0 1 -0
-8 -0 -6 0.1 0.8 0 1 -0
-8 -0 -8 0.1 0.9 0 1 -0
-10 -0 -6 0 0.8 0 1 -0
-8 -0 -6 0.1 0.8 0 1 -0
-6 -0 -8 0.2 0.9 0 1 -0
-8 -0 -8 0.1 0.9 0 1 -0
-6 -0 -6 0.2 0.8 0 1 -0
-6 -0 -8 0.2 0.9 0 1 -0
-8 -0 -6 0.1 0.8 0 1 -0
-6 -0 -6 0.2 0.8 0 1 -0
-4 -0 -8 0.3 0.9 0 1 -0
-6 -0 -8 0.2 0.9 0 1 -0
-4 -0 -6 0.3 0.8 0 1 -0
-4 -0 -8 0.3 0.9 0 1 -0
-6 -0 -6 0.2 0.8 0 1 -0
-4 -0 -6 0.3 0.8 0 1 -0
-2 -0 -8 0.4 0.9 0 1 -0
-4 -0 -8 0.3 0.9 0 1 -0
-2 -0 -6 0.4 0.8 0 1 -0
-2 -0 -8 0.4 0.9 0 1 -0
-4 -0 -6 0.3 0.8 0 1 -0
-2 -0 -6 0.4 0.8 0 1 -0
0 -0 -8 0.5 0.9 0 1 -0
-2 -0 -8 0.4 0.9 0 1 -0
0 -0 -6 0.5 0.8 0 1 -0
0 -0 -8 0.5 0.9 0 1 -0
-2 -0 -6 0.4 0.8 0 1 -0
0 -0 -6 0.5 0.8 0 1 -0
2 -0 -8 0.6 0.9 0 1 -0
0 -0 -8 0.5 0.9 0 1 -0
2 -0 -6 0.6 0.8 0 1 -0
2 -0 -8 0.6 0.9 0 1 -0
0 -0 -6 0.5 0.8 0 1 -0
2 -0 -6 0.6 0.8 0 1 -0
4 -0 -8 0.7 0.9 0 1 -0
2 -0 -8 0.6 0.9 0 1 -0
4 -0 -6 0.7 0.8 0 1 -0
4 -0 -8 0.7 0.9 0 1 -0
2 -0 -6 0.6 0.8 0 1 -0
4 -0 -6 0.7 0.8 0 1 -0
6 -0 -8 0.8 0.9 0 1 -0
4 -0 -8 0.7 0.9 0 1 -0
6 -0 -6 0.8 0.8 0 1 -0
6 -0 -8 0.8 0.9 0 1 -0
4 -0 -6 0.7 0.8 0 1 -0
6 -0 -6 0.8 0.8 0 1 -0
8 -0 -8 0.9 0.9 0 1 -0
6 -0 -8 0.8 0.9 0 1 -0
8 -0 -6 0.9 0.8 0 1 -0
8 -0 -8 0.9 0.9 0 1 -0
6 -0 -6 0.8 0.8 0 1 -0
8 -0 -6 0.9 0.8 0 1 -0
10 -0 -8 1 0.9 0 1 -0
8 -0 -8 0.9 0.9 0 1 -0
10 -0 -6 1 0.8 0 1 -0
10 -0 -8 1 0.9 0 1 -0
8 -0 -6 0.9 0.8 0 1 -0
-10 -0 -4 0 0.7 0 1 -0
-8 -0 -6 0.1 0.8 0 1 -0
-10 -0 -6 0 0.8 0 1 -0
-8 -0 -4 0.1 0.7 0 1 -0
-8 -0 -6 0.1 0.8 0 1 -0
-10 -0 -4 0 0.7 0 1 -0
-8 -0 -4 0.1 0.7 0 1 -0
-6 -0 -6 0.2 0.8 0 1 -0
-8 -0 -6 0.1 0.8 0 1 -0
-6 -0 -4 0.2 0.7 0 1 -0
-6 -0 -6 0.2 0.8 0 1 -0
-8 -0 -4 0.1 0.7 0 1 -0
-6 -0 -4 0.2 0.7 0 1 -0
-4 -0 -6 0.3 0.8 0 1 -0
-6 -0 -6 0.2 0.8 0 1 -0
-4 -0 -4 0.3 0.7 0 1 -0
-4 -0 -6 0.3 0.8 0 1 -0
-6 -0 -4 0.2 0.7 0 1 -0
-4 -0 -4 0.3 0.7 0 1 -0
-2 -0 -6 0.4 0.8 0 1 -0
-4 -0 -6 0.3 0.8 0 1 -0
-2 -0 -4 0.4 0.7 0 1 -0
-2 -0 -6 0.4 0.8 0 1 -0
-4 -0 -4 0.3 0.7 0 1 -0
-2 -0 -4 0.4 0.7 0 1 -0
0 -0 -6 0.5 0.8 0 1 -0
-2 -0 -6 0.4 0.8 0 1 -0
0 -0 -4 0.5 0.7 0 1 -0
0 -0 -6 0.5 0.8 0 1 -0
-2 -0 -4 0.4 0.7 0 1 -0
0 -0 -4 0.5 0.7 0 1 -0
2 -0 -6 0.6 0.8 0 1 -0
0 -0 -6 0.5 0.8 0 1 -0
2 -0 -4 0.6 0.7 0 1 -0
2 -0 -6 0.6 0.8 0 1 -0
0 -0 -4 0.5 0.7 0 1 -0
2 -0 -4 0.6 0.7 0 1 -0
4 -0 -6 0.7 0.8 0 1 -0
2 -0 -6 0.6 0.8 0 1 -0
4 -0 -4 0.7 0.7 0 1 -0
4 -0 -6 0.7 0.8 0 1 -0
2 -0 -4 0.6 0.7 0 1 -0
4 -0 -4 0.7 0.7 0 1 -0
6 -0 -6 0.8 0.8 0 1 -0
4 -0 -6 0.7 0.8 0 1 -0
6 -0 -4 0.8 0.7 0 1 -0
6 -0 -6 0.8 0.8 0 1 -0
4 -0 -4 0.7 0.7 0 1 -0
6 -0 -4 0.8 0.7 0 1 -0
8 -0 -6 0.9 0.8 0 1 -0
6 -0 -6 0.8 0.8 0 1 -0
8 -0 -4 0.9 0.7 0 1 -0
8 -0 -6 0.9 0.8 0 1 -0
6 -0 -4 0.8 0.7 0 1 -0
8 -0 -4 0.9 0.7 0 1 -0
10 -0 -6 1 0.8 0 1 -0
8 -0 -6 0.9 0.8 0 1 -0
10 -0 -4 1 0.7 0 1 -0
10 -0 -6 1 0.8 0 1 -0
8 -0 -4 0.9 0.7 0 1 -0
-10 -0 -2 0 0.6 0 1 -0
-8 -0 -4 0.1 0.7 0 1 -0
-10 -0 -4 0 0.7 0 1 -0
-8 -0 -2 0.1 0.6 0 1 -0
-8 -0 -4 0.1 0.7 0 1 -0
-10 -0 -2 0 0.6 0 1 -0
-8 -0 -2 0.1 0.6 0 1 -0
-6 -0 -4 0.2 0.7 0 1 -0
-8 -0 -4 0.1 0.7 0 1 -0
-6 -0 -2 0.2 0.6 0 1 -0
-6 -0 -4 0.2 0.7 0 1 -0
-8 -0 -2 0.1 0.6 0 1 -0
-6 -0 -2 0.2 0.6 0 1 -0
-4 -0 -4 0.3 0.7 0 1 -0
-6 -0 -4 0.2 0.7 0 1 -0
-4 -0 -2 0.3 0.6 0 1 -0
-4 -0 -4 0.3 0.7 0 1 -0
-6 -0 -2 0.2 0.6 0 1 -0
-4 -0 -2 0.3 0.6 0 1 -0
-2 -0 -4 0.4 0.7 0 1 -0
-4 -0 -4 0.3 0.7 0 1 -0
-2 -0 -2 0.4 0.6 0 1 -0
-2 -0 -4 0.4 0.7 0 1 -0
-4 -0 -2 0.3 0.6 0 1 -0
-2 -0 -2 0.4 0.6 0 1 -0
0 -0 -4 0.5 0.7 0 1 -0
-2 -0 -4 0.4 0.7 0 1 -0
0 -0 -2 0.5 0.6 0 1 -0
0 -0 -4 0.5 0.7 0 1 -0
-2 -0 -2 0.4 0.6 0 1 -0
0 -0 -2 0.5 0.6 0 1 -0
2 -0 -4 0.6 0.7 0 1 -0
0 -0 -4 0.5 0.7 0 1 -0
2 -0 -2 0.6 0.6 0 1 -0
2 -0 -4 0.6 0.7 0 1 -0
0 -0 -2 0.5 0.6 0 1 -0
2 -0 -2 0.6 0.6 0 1 -0
4 -0 -4 0.7 0.7 0 1 -0
2 -0 -4 0.6 0.7 0 1 -0
4 -0 -2 0.7 0.6 0 1 -0
4 -0 -4 0.7 0.7 0 1 -0
2 -0 -2 0.6 0.6 0 1 -0
4 -0 -2 0.7 0.6 0 1 -0
6 -0 -4 0.8 0.7 0 1 -0
4 -0 -4 0.7 0.7 0 1 -0
6 -0 -2 0.8 0.6 0 1 -0
6 -0 -4 0.8 0.7 0 1 -0
4 -0 -2 0.7 0.6 0 1 -0
6 -0 -2 0.8 0.6 0 1 -0
8 -0 -4 0.9 0.7 0 1 -0
6 -0 -4 0.8 0.7 0 1 -0
8 -0 -2 0.9 0.6 0 1 -0
8 -0 -4 0.9 0.7 0 1 -0
6 -0 -2 0.8 0.6 0 1 -0
8 -0 -2 0.9 0.6 0 1 -0
10 -0 -4 1 0.7 0 1 -0
8 -0 -4 0.9 0.7 0 1 -0
10 -0 -2 1 0.6 0 1 -0
10 -0 -4 1 0.7 0 1 -0
8 -0 -2 0.9 0.6 0 1 -0
-10 0 -0 0 0.5 0 1 -0
-8 -0 -2 0.1 0.6 0 1 -0
-10 -0 -2 0 0.6 0 1 -0
-8 0 -0 0.1 0.5 0 1 -0
-8 -0 -2 0.1 0.6 0 1 -0
-10 0 -0 0 0.5 0 1 -0
-8 0 -0 0.1 0.5 0 1 -0
-6 -0 -2 0.2 0.6 0 1 -0
-8 -0 -2 0.1 0.6 0 1 -0
-6 0 -0 0.2 0.5 0 1 -0
-6 -0 -2 0.2 0.6 0 1 -0
-8 0 -0 0.1 0.5 0 1 -0
-6 0 -0 0.2 0.5 0 1 -0
-4 -0 -2 0.3 0.6 0 1 -0
-6 -0 -2 0.2 0.6 0 1 -0
-4 0 -0 0.3 0.5 0 1 -0
-4 -0 -2 0.3 0.6 0 1 -0
-6 0 -0 0.2 0.5 0 1 -0
-4 0 -0 0.3 0.5 0 1 -0
-2 -0 -2 0.4 0.6 0 1 -0
-4 -0 -2 0.3 0.6 0 1 -0
-2 0 -0 0.4 0.5 0 1 -0
-2 -0 -2 0.4 0.6 0 1 -0
-4 0 -0 0.3 0.5 0 1 -0
-2 0 -0 0.4 0.5 0 1 -0
0 -0 -2 0.5 0.6 0 1 -0
-2 -0 -2 0.4 0.6 0 1 -0
0 0 -0 0.5 0.5 0 1 -0
0 -0 -2 0.5 0.6 0 1 -0
-2 0 -0 0.4 0.5 0 1 -0
0 0 -0 0.5 0.5 0 1 -0
2 -0 -2 0.6 0.6 0 1 -0
0 -0 -2 0.5 0.6 0 1 -0
2 0 -0 0.6 0.5 0 1 -0
2 -0 -2 0.6 0.6 0 1 -0
0 0 -0 0.5 0.5 0 1 -0
2 0 -0 0.6 0.5 0 1 -0
4 -0 -2 0.7 0.6 0 1 -0
2 -0 -2 0.6 0.6 0 1 -0
4 0 -0 0.7 0.5 0 1 -0
4 -0 -2 0.7 0.6 0 1 -0
2 0 -0 0.6 0.5 0 1 -0
4 0 -0 0.7 0.5 0 1 -0
6 -0 -2 0.8 0.6 0 1 -0
4 -0 -2 0.7 0.6 0 1 -0
6 0 -0 0.8 0.5 0 1 -0
6 -0 -2 0.8 0.6 0 1 -0
4 0 -0 0.7 0.5 0 1 -0
6 0 -0 0.8 0.5 0 1 -0
8 -0 -2 0.9 0.6 0 1 -0
6 -0 -2 0.8 0.6 0 1 -0
8 0 -0 0.9 0.5 0 1 -0
8 -0 -2 0.9 0.6 0 1 -0
6 0 -0 0.8 0.5 0 1 -0
8 0 -0 0.9 0.5 0 1 -0
10 -0 -2 1 0.6 0 1 -0
8 -0 -2 0.9 0.6 0 1 -0
10 0 -0 1 0.5 0 1 -0
10 -0 -2 1 0.6 0 1 -0
8 0 -0 0.9 0.5 0 1 -0
-10 0 2 0 0.4 0 1 -0
-8 0 -0 0.1 0.5 0 1 -0
-10 0 -0 0 0.5 0 1 -0
-8 0 2 0.1 0.4 0 1 -0
-8 0 -0 0.1 0.5 0 1 -0
-10 0 2 0 0.4 0 1 -0
-8 0 2 0.1 0.4 0 1 -0
-6 0 -0 0.2 0.5 0 1 -0
-8 0 -0 0.1 0.5 0 1 -0
-6 0 2 0.2 0.4 0 1 -0
-6 0 -0 0.2 0.5 0 1 -0
-8 0 2 0.1 0.4 0 1 -0
-6 0 2 0.2 0.4 0 1 -0
-4 0 -0 0.3 0.5 0 1 -0
-6 0 -0 0.2 0.5 0 1 -0
-4 0 2 0.3 0.4 0 1 -0
-4 0 -0 0.3 0.5 0 1 -0
-6 0 2 0.2 0.4 0 1 -0
-4 0 2 0.3 0.4 0 1 -0
-2 0 -0 0.4 0.5 0 1 -0
-4 0 -0 0.3 0.5 0 1 -0
-2 0 2 0.4 0.4 0 1 -0
-2 0 -0 0.4 0.5 0 1 -0
-4 0 2 0.3 0.4 0 1 -0
-2 0 2 0.4 0.4 0 1 -0
0 0 -0 0.5 0.5 0 1 -0
-2 0 -0 0.4 0.5 0 1 -0
0 0 2 0.5 0.4 0 1 -0
0 0 -0 0.5 0.5 0 1 -0
-2 0 2 0.4 0.4 0 1 -0
0 0 2 0.5 0.4 0 1 -0
2 0 -0 0.6 0.5 0 1 -0
0 0 -0 0.5 0.5 0 1 -0
2 0 2 0.6 0.4 0 1 -0
2 0 -0 0.6 0.5 0 1 -0
0 0 2 0.5 0.4 0 1 -0
2 0 2 0.6 0.4 0 1 -0
4 0 -0 0.7 0.5 0 1 -0
2 0 -0 0.6 0.5 0 1 -0
4 0 2 0.7 0.4 0 1 -0
4 0 -0 0.7 0.5 0 1 -0
2 0 2 0.6 0.4 0 1 -0
4 0 2 0.7 0.4 0 1 -0
6 0 -0 0.8 0.5 0 1 -0
4 0 -0 0.7 0.5 0 1 -0
6 0 2 0.8 0.4 0 1 -0
6 0 -0 0.8 0.5 0 1 -0
4 0 2 0.7 0.4 0 1 -0
6 0 2 0.8 0.4 0 1 -0
8 0 -0 0.9 0.5 0 1 -0
6 0 -0 0.8 0.5 0 1 -0
8 0 2 0.9 0.4 0 1 -0
8 0 -0 0.9 0.5 0 1 -0
6 0 2 0.8 0.4 0 1 -0
8 0 2 0.9 0.4 0 1 -0
10 0 -0 1 0.5 0 1 -0
8 0 -0 0.9 0.5 0 1 -0
10 0 2 1 0.4 0 1 -0
10 0 -0 1 0.5 0 1 -0
8 0 2 0.9 0.4 0 1 -0
-10 0 4 0 0.3 0 1 -0
-8 0 2 0.1 0.4 0 1 -0
-10 0 2 0 0.4 0 1 -0
-8 0 4 0.1 0.3 0 1 -0
-8 0 2 0.1 0.4 0 1 -0
-10 0 4 0 0.3 0 1 -0
-8 0 4 0.1 0.3 0 1 -0
-6 0 2 0.2 0.4 0 1 -0
-8 0 2 0.1 0.4 0 1 -0
-6 0 4 0.2 0.3 0 1 -0
-6 0 2 0.2 0.4 0 1 -0
-8 0 4 0.1 0.3 0 1 -0
-6 0 4 0.2 0.3 0 1 -0
-4 0 2 0.3 0.4 0 1 -0
-6 0 2 0.2 0.4 0 1 -0
-4 0 4 0.3 0.3 0 1 -0
-4 0 2 0.3 0.4 0 1 -0
-6 0 4 0.2 0.3 0 1 -0
-4 0 4 0.3 0.3 0 1 -0
-2 0 2 0.4 0.4 0 1 -0
-4 0 2 0.3 0.4 0 1 -0
-2 0 4 0.4 0.3 0 1 -0
-2 0 2 0.4 0.4 0 1 -0
-4 0 4 0.3 0.3 0 1 -0
-2 0 4 0.4 0.3 0 1 -0
0 0 2 0.5 0.4 0 1 -0
-2 0 2 0.4 0.4 0 1 -0
0 0 4 0.5 0.3 0 1 -0
0 0 2 0.5 0.4 0 1 -0
-2 0 4 0.4 0.3 0 1 -0
0 0 4 0.5 0.3 0 1 -0
2 0 2 0.6 0.4 0 1 -0
0 0 2 0.5 0.4 0 1 -0
2 0 4 0.6 0.3 0 1 -0
2 0 2 0.6 0.4 0 1 -0
0 0 4 0.5 0.3 0 1 -0
2 0 4 0.6 0.3 0 1 -0
4 0 2 0.7 0.4 0 1 -0
2 0 2 0.6 0.4 0 1 -0
4 0 4 0.7 0.3 0 1 -0
4 0 2 0.7 0.4 0 1 -0
2 0 4 0.6 0.3 0 1 -0
4 0 4 0.7 0.3 0 1 -0
6 0 2 0.8 0.4 0 1 -0
4 0 2 0.7 0.4 0 1 -0
6 0 4 0.8 0.3 0 1 -0
6 0 2 0.8 0.4 0 1 -0
4 0 4 0.7 0.3 0 1 -0
6 0 4 0.8 0.3 0 1 -0
8 0 2 0.9 0.4 0 1 -0
6 0 2 0.8 0.4 0 1 -0
8 0 4 0.9 0.3 0 1 -0
8 0 2 0.9 0.4 0 1 -0
6 0 4 0.8 0.3 0 1 -0
8 0 4 0.9 0.3 0 1 -0
10 0 2 1 0.4 0 1 -0
8 0 2 0.9 0.4 0 1 -0
10 0 4 1 0.3 0 1 -0
10 0 2 1 0.4 0 1 -0
8 0 4 0.9 0.3 0 1 -0
-10 0 6 0 0.2 0 1 -0
-8 0 4 0.1 0.3 0 1 -0
-10 0 4 0 0.3 0 1 -0
-8 0 6 0.1 0.2 0 1 -0
-8 0 4 0.1 0.3 0 1 -0
-10 0 6 0 0.2 0 1 -0
-8 0 6 0.1 0.2 0 1 -0
-6 0 4 0.2 0.3 0 1 -0
-8 0 4 0.1 0.3 0 1 -0
-6 0 6 0.2 0.2 0 1 -0
-6 0 4 0.2 0.3 0 1 -0
-8 0 6 0.1 0.2 0 1 -0
-6 0 6 0.2 0.2 0 1 -0
-4 0 4 0.3 0.3 0 1 -0
-6 0 4 0.2 0.3 0 1 -0
-4 0 6 0.3 0.2 0 1 -0
-4 0 4 0.3 0.3 0 1 -0
-6 0 6 0.2 0.2 0 1 -0
-4 0 6 0.3 0.2 0 1 -0
-2 0 4 0.4 0.3 0 1 -0
-4 0 4 0.3 0.3 0 1 -0
-2 0 6 0.4 0.2 0 1 -0
-2 0 4 0.4 0.3 0 1 -0
-4 0 6 0.3 0.2 0 1 -0
-2 0 6 0.4 0.2 0 1 -0
0 0 4 0.5 0.3 0 1 -0
-2 0 4 0.4 0.3 0 1 -0
0 0 6 0.5 0.2 0 1 -0
0 0 4 0.5 0.3 0 1 -0
-2 0 6 0.4 0.2 0 1 -0
0 0 6 0.5 0.2 0 1 -0
2 0 4 0.6 0.3 0 1 -0
0 0 4 0.5 0.3 0 1 -0
2 0 6 0.6 0.2 0 1 -0
2 0 4 0.6 0.3 0 1 -0
0 0 6 0.5 0.2 0 1 -0
2 0 6 0.6 0.2 0 1 -0
4 0 4 0.7 0.3 0 1 -0
2 0 4 0.6 0.3 0 1 -0
4 0 6 0.7 0.2 0 1 -0
4 0 4 0.7 0.3 0 1 -0
2 0 6 0.6 0.2 0 1 -0
4 0 6 0.7 0.2 0 1 -0
6 0 4 0.8 0.3 0 1 -0
4 0 4 0.7 0.3 0 1 -0
6 0 6 0.8 0.2 0 1 -0
6 0 4 0.8 0.3 0 1 -0
4 0 6 0.7 0.2 0 1 -0
6 0 6 0.8 0.2 0 1 -0
8 0 4 0.9 0.3 0 1 -0
6 0 4 0.8 0.3 0 1 -0
8 0 6 0.9 0.2 0 1 -0
8 0 4 0.9 0.3 0 1 -0
6 0 6 0.8 0.2 0 1 -0
8 0 6 0.9 0.2 0 1 -0
10 0 4 1 0.3 0 1 -0
8 0 4 0.9 0.3 0 1 -0
10 0 6 1 0.2 0 1 -0
10 0 4 1 0.3 0 1 -0
8 0 6 0.9 0.2 0 1 -0
-10 0 8 0 0.1 0 1 -0
-8 0 6 0.1 0.2 0 1 -0
-10 0 6 0 0.2 0 1 -0
-8 0 8 0.1 0.1 0 1 -0
-8 0 6 0.1 0.2 0 1 -0
-10 0 8 0 0.1 0 1 -0
-8 0 8 0.1 0.1 0 1 -0
-6 0 6 0.2 0.2 0 1 -0
-8 0 6 0.1 0.2 0 1 -0
-6 0 8 0.2 0.1 0 1 -0
-6 0 6 0.2 0.2 0 1 -0
-8 0 8 0.1 0.1 0 1 -0
-6 0 8 0.2 0.1 0 1 -0
-4 0 6 0.3 0.2 0 1 -0
-6 0 6 0.2 0.2 0 1 -0
-4 0 8 0.3 0.1 0 1 -0
-4 0 6 0.3 0.2 0 1 -0
-6 0 8 0.2 0.1 0 1 -0
-4 0 8 0.3 0.1 0 1 -0
-2 0 6 0.4 0.2 0 1 -0
-4 0 6 0.3 0.2 0 1 -0
-2 0 8 0.4 0.1 0 1 -0
-2 0 6 0.4 0.2 0 1 -0
-4 0 8 0.3 0.1 0 1 -0
-2 0 8 0.4 0.1 0 1 -0
0 0 6 0.5 0.2 0 1 -0
-2 0 6 0.4 0.2 0 1 -0
0 0 8 0.5 0.1 0 1 -0
0 0 6 0.5 0.2 0 1 -0
-2 0 8 0.4 0.1 0 1 -0
0 0 8 0.5 0.1 0 1 -0
2 0 6 0.6 0.2 0 1 -0
0 0 6 0.5 0.2 0 1 -0
2 0 8 0.6 0.1 0 1 -0
2 0 6 0.6 0.2 0 1 -0
0 0 8 0.5 0.1 0 1 -0
2 0 8 0.6 0.1 0 1 -0
4 0 6 0.7 0.2 0 1 -0
2 0 6 0.6 0.2 0 1 -0
4 0 8 0.7 0.1 0 1 -0
4 0 6 0.7 0.2 0 1 -0
2 0 8 0.6 0.1 0 1 -0
4 0 8 0.7 0.1 0 1 -0
6 0 6 0.8 0.2 0 1 -0
4 0 6 0.7 0.2 0 1 -0
6 0 8 0.8 0.1 0 1 -0
6 0 6 0.8 0.2 0 1 -0
4 0 8 0.7 0.1 0 1 -0
6 0 8 0.8 0.1 0 1 -0
8 0 6 0.9 0.2 0 1 -0
6 0 6 0.8 0.2 0 1 -0
8 0 8 0.9 0.1 0 1 -0
8 0 6 0.9 0.2 0 1 -0
6 0 8 0.8 0.1 0 1 -0
8 0 8 0.9 0.1 0 1 -0
10 0 6 1 0.2 0 1 -0
8 0 6 0.9 0.2 0 1 -0
10 0 8 1 0.1 0 1 -0
10 0 6 1 0.2 0 1 -0
8 0 8 0.9 0.1 0 1 -0
-10 0 10 0 0 0 1 -0
-8 0 8 0.1 0.1 0 1 -0
-10 0 8 0 0.1 0 1 -0
-8 0 10 0.1 0 0 1 -0
-8 0 8 0.1 0.1 0 1 -0
-10 0 10 0 0 0 1 -0
-8 0 10 0.1 0 0 1 -0
-6 0 8 0.2 0.1 0 1 -0
-8 0 8 0.1 0.1 0 1 -0
-6 0 10 0.2 0 0 1 -0
-6 0 8 0.2 0.1 0 1 -0
-8 0 10 0.1 0 0 1 -0
-6 0 10 0.2 0 0 1 -0
-4 0 8 0.3 0.1 0 1 -0
-6 0 8 0.2 0.1 0 1 -0
-4 0 10 0.3 0 0 1 -0
-4 0 8 0.3 0.1 0 1 -0
-6 0 10 0.2 0 0 1 -0
-4 0 10 0.3 0 0 1 -0
-2 0 8 0.4 0.1 0 1 -0
-4 0 8 0.3 0.1 0 1 -0
-2 0 10 0.4 0 0 1 -0
-2 0 8 0.4 0.1 0 1 -0
-4 0 10 0.3 0 0 1 -0
-2 0 10 0.4 0 0 1 -0
0 0 8 0.5 0.1 0 1 -0
-2 0 8 0.4 0.1 0 1 -0
0 0 10 0.5 0 0 1 -0
0 0 8 0.5 0.1 0 1 -0
-2 0 10 0.4 0 0 1 -0
0 0 10 0.5 0 0 1 -0
2 0 8 0.6 0.1 0 1 -0
0 0 8 0.5 0.1 0 1 -0
2 0 10 0.6 0 0 1 -0
2 0 8 0.6 0.1 0 1 -0
0 0 10 0.5 0 0 1 -0
2 0 10 0.6 0 0 1 -0
4 0 8 0.7 0.1 0 1 -0
2 0 8 0.6 0.1 0 1 -0
4 0 10 0.7 0 0 1 -0
4 0 8 0.7 0.1 0 1 -0
2 0 10 0.6 0 0 1 -0
4 0 10 0.7 0 0 1 -0
6 0 8 0.8 0.1 0 1 -0
4 0 8 0.7 0.1 0 1 -0
6 0 10 0.8 0 0 1 -0
6 0 8 0.8 0.1 0 1 -0
4 0 10 0.7 0 0 1 -0
6 0 10 0.8 0 0 1 -0
8 0 8 0.9 0.1 0 1 -0
6 0 8 0.8 0.1 0 1 -0
8 0 10 0.9 0 0 1 -0
8 0 8 0.9 0.1 0 1 -0
6 0 10 0.8 0 0 1 -0
8 0 10 0.9 0 0 1 -0
10 0 8 1 0.1 0 1 -0
8 0 8 0.9 0.1 0 1 -0
10 0 10 1 0 0 1 -0
10 0 8 1 0.1 0 1 -0
8 0 10 0.9 0 0 1 -0
-30 -0 -26 0 0.933333 0 1 -0
-26 -0 -30 0.066667 1 0 1 -0
-30 -0 -30 0 1 0 1 -0
-26 -0 -26 0.066667 0.933333 0 1 -0
-26 -0 -30 0.066667 1 0 1 -0
-30 -0 -26 0 0.933333 0 1 -0
-26 -0 -26 0.066667 0.933333 0 1 -0
-22 -0 -30 0.133333 1 0 1 -0
-26 -0 -30 0.066667 1 0 1 -0
-22 -0 -26 0.133333 0.933333 0 1 -0
-22 -0 -30 0.133333 1 0 1 -0
-26 -0 -26 0.066667 0.933333 0 1 -0
-22 -0 -26 0.133333 0.933333 0 1 -0
-18 -0 -30 0.2 1 0 1 -0
-22 -0 -30 0.133333 1 0 1 -0
-18 -0 -26 0.2 0.933333 0 1 -0
-18 -0 -30 0.2 1 0 1 -0
-22 -0 -26 0.133333 0.933333 0 1 -0
-18 -0 -26 0.2 0.933333 0 1 -0
-14 -0 -30 0.266667 1 0 1 -0
-18 -0 -30 0.2 1 0 1 -0
-14 -0 -26 0.266667 0.933333 0 1 -0
-14 -0 -30 0.266667 1 0 1 -0
-18 -0 -26 0.2 0.933333 0 1 -0
-14 -0 -26 0.266667 0.933333 0 1 -0
-10 -0 -30 0.333333 1 0 1 -0
-14 -0 -30 0.266667 1 0 1 -0
-10 -0 -26 0.333333 0.933333 0 1 -0
-10 -0 -30 0.333333 1 0 1 -0
-14 -0 -26 0.266667 0.933333 0 1 -0
-10 -0 -26 0.333333 0.933333 0 1 -0
-6 -0 -30 0.4 1 0 1 -0
-10 -0 -30 0.333333 1 0 1 -0
-6 -0 -26 0.4 0.933333 0 1 -0
-6 -0 -30 0.4 1 0 1 -0
-10 -0 -26 0.333333 0.933333 0 1 -0
-6 -0 -26 0.4 0.933333 0 1 -0
-2 -0 -30 0.466667 1 0 1 -0
-6 -0 -30 0.4 1 0 1 -0
-2 -0 -26 0.466667 0.933333 0 1 -0
-2 -0 -30 0.466667 1 0 1 -0
-6 -0 -26 0.4 0.933333 0 1 -0
-2 -0 -26 0.466667 0.933333 0 1 -0
2 -0 -30 0.533333 1 0 1 -0
-2 -0 -30 0.466667 1 0 1 -0
2 -0 -26 0.533333 0.933333 0 1 -0
2 -0 -30 0.533333 1 0 1 -0
-2 -0 -26 0.466667 0.933333 0 1 -0
2 -0 -26 0.533333 0.933333 0 1 -0
6 -0 -30 0.6 1 0 1 -0
2 -0 -30 0.533333 1 0 1 -0
6 -0 -26 0.6 0.933333 0 1 -0
6 -0 -30 0.6 1 0 1 -0
2 -0 -26 0.533333 0.933333 0 1 -0
6 -0 -26 0.6 0.933333 0 1 -0
10 -0 -30 0.666667 1 0 1 -0
6 -0 -30 0.6 1 0 1 -0
10 -0 -26 0.666667 0.933333 0 1 -0
10 -0 -30 0.666667 1 0 1 -0
6 -0 -26 0.6 0.933333 0 1 -0
10 -0 -26 0.666667 0.933333 0 1 -0
14 -0 -30 0.733333 1 0 1 -0
10 -0 -30 0.666667 1 0 1 -0
14 -0 -26 0.733333 0.933333 0 1 -0
14 -0 -30 0.733333 1 0 1 -0
10 -0 -26 0.666667 0.933333 0 1 -0
14 -0 -26 0.733333 0.933333 0 1 -0
18 -0 -30 0.8 1 0 1 -0
14 -0 -30 0.733333 1 0 1 -0
18 -0 -26 0.8 0.933333 0 1 -0
18 -0 -30 0.8 1 0 1 -0
14 -0 -26 0.733333 0.933333 0 1 -0
18 -0 -26 0.8 0.933333 0 1 -0
22 -0 -30 0.866667 1 0 1 -0
18 -0 -30 0.8 1 0 1 -0
22 -0 -26 0.866667 0.933333 0 1 -0
22 -0 -30 0.866667 1 0 1 -0
18 -0 -26 0.8 0.933333 0 1 -0
22 -0 -26 0.866667 0.933333 0 1 -0
26 -0 -30 0.933333 1 0 1 -0
22 -0 -30 0.866667 1 0 1 -0
26 -0 -26 0.933333 0.933333 0 1 -0
26 -0 -30 0.933333 1 0 1 -0
22 -0 -26 0.866667 0.933333 0 1 -0
26 -0 -26 0.933333 0.933333 0 1 -0
30 -0 -30 1 1 0 1 -0
26 -0 -30 0.933333 1 0 1 -0
30 -0 -26 1 0.933333 0 1 -0
30 -0 -30 1 1 0 1 -0
26 -0 -26 0.933333 0.933333 0 1 -0
-30 -0 -22 0 0.866667 0 1 -0
-26 -0 -26 0.066667 0.933333 0 1 -0
-30 -0 -26 0 0.933333 0 1 -0
-26 -0 -22 0.066667 0.866667 0 1 -0
-26 -0 -26 0.066667 0.933333 0 1 -0
-30 -0 -22 0 0.866667 0 1 -0
-26 -0 -22 0.066667 0.866667 0 1 -0
-22 -0 -26 0.133333 0.933333 0 1 -0
-26 -0 -26 0.066667 0.933333 0 1 -0
-22 -0 -22 0.133333 0.866667 0 1 -0
-22 -0 -26 0.133333 0.933333 0 1 -0
-26 -0 -22 0.066667 0.866667 0 1 -0
-22 -0 -22 0.133333 0.866667 0 1 -0
-18 -0 -26 0.2 0.933333 0 1 -0
-22 -0 -26 0.133333 0.933333 0 1 -0
-18 -0 -22 0.2 0.866667 0 1 -0
-18 -0 -26 0.2 0.933333 0 1 -0
-22 -0 -22 0.133333 0.866667 0 1 -0
-18 -0 -22 0.2 0.866667 0 1 -0
-14 -0 -26 0.266667 0.933333 0 1 -0
-18 -0 -26 0.2 0.933333 0 1 -0
-14 -0 -22 0.266667 0.866667 0 1 -0
-14 -0 -26 0.266667 0.933333 0 1 -0
-18 -0 -22 0.2 0.866667 0 1 -0
-14 -0 -22 0.266667 0.866667 0 1 -0
-10 -0 -26 0.333333 0.933333 0 1 -0
-14 -0 -26 0.266667 0.933333 0 1 -0
-10 -0 -22 0.333333 0.866667 0 1 -0
-10 -0 -26 0.333333 0.933333 0 1 -0
-14 -0 -22 0.266667 0.866667 0 1 -0
-10 -0 -22 0.333333 0.866667 0 1 -0
-6 -0 -26 0.4 0.933333 0 1 -0
-10 -0 -26 0.333333 0.933333 0 1 -0
-6 -0 -22 0.4 0.866667 0 1 -0
-6 -0 -26 0.4 0.933333 0 1 -0
-10 -0 -22 0.333333 0.866667 0 1 -0
-6 -0 -22 0.4 0.866667 0 1 -0
-2 -0 -26 0.466667 0.933333 0 1 -0
-6 -0 -26 0.4 0.933333 0 1 -0
-2 -0 -22 0.466667 0.866667 0 1 -0
-2 -0 -26 0.466667 0.933333 0 1 -0
-6 -0 -22 0.4 0.866667 0 1 -0
-2 -0 -22 0.466667 0.866667 0 1 -0
2 -0 -26 0.533333 0.933333 0 1 -0
-2 -0 -26 0.466667 0.933333 0 1 -0
2 -0 -22 0.533333 0.866667 0 1 -0
2 -0 -26 0.533333 0.933333 0 1 -0
-2 -0 -22 0.466667 0.866667 0 1 -0
2 -0 -22 0.533333 0.866667 0 1 -0
6 -0 -26 0.6 0.933333 0 1 -0
2 -0 -26 0.533333 0.933333 0 1 -0
6 -0 -22 0.6 0.866667 0 1 -0
6 -0 -26 0.6 0.933333 0 1 -0
2 -0 -22 0.533333 0.866667 0 1 -0
6 -0 -22 0.6 0.866667 0 1 -0
10 -0 -26 0.666667 0.933333 0 1 -0
6 -0 -26 0.6 0.933333 0 1 -0
10 -0 -22 0.666667 0.866667 0 1 -0
10 -0 -26 0.666667 0.933333 0 1 -0
6 -0 -22 0.6 0.866667 0 1 -0
10 -0 -22 0.666667 0.866667 0 1 -0
14 -0 -26 0.733333 0.933333 0 1 -0
10 -0 -26 0.666667 0.933333 0 1 -0
14 -0 -22 0.733333 0.866667 0 1 -0
14 -0 -26 0.733333 0.933333 0 1 -0
10 -0 -22 0.666667 0.866667 0 1 -0
14 -0 -22 0.733333 0.866667 0 1 -0
18 -0 -26 0.8 0.933333 0 1 -0
14 -0 -26 0.733333 0.933333 0 1 -0
18 -0 -22 0.8 0.866667 0 1 -0
18 -0 -26 0.8 0.933333 0 1 -0
14 -0 -22 0.733333 0.866667 0 1 -0
18 -0 -22 0.8 0.866667 0 1 -0
22 -0 -26 0.866667 0.933333 0 1 -0
18 -0 -26 0.8 0.933333 0 1 -0
22 -0 -22 0.866667 0.866667 0 1 -0
22 -0 -26 0.866667 0.933333 0 1 -0
18 -0 -22 0.8 0.866667 0 1 -0
22 -0 -22 0.866667 0.866667 0 1 -0
26 -0 -26 0.933333 0.933333 0 1 -0
22 -0 -26 0.866667 0.933333 0 1 -0
26 -0 -22 0.933333 0.866667 0 1 -0
26 -0 -26 0.933333 0.933333 0 1 -0
22 -0 -22 0.866667 0.866667 0 1 -0
26 -0 -22 0.933333 0.866667 0 1 -0
30 -0 -26 1 0.933333 0 1 -0
26 -0 -26 0.933333 0.933333 0 1 -0
30 -0 -22 1 0.866667 0 1 -0
30 -0 -26 1 0.933333 0 1 -0
26 -0 -22 0.933333 0.866667 0 1 -0
-30 -0 -18 0 0.8 0 1 -0
-26 -0 -22 0.066667 0.866667 0 1 -0
-30 -0 -22 0 0.866667 0 1 -0
-26 -0 -18 0.066667 0.8 0 1 -0
-26 -0 -22 0.066667 0.866667 0 1 -0
-30 -0 -18 0 0.8 0 1 -0
-26 -0 -18 0.066667 0.8 0 1 -0
-22 -0 -22 0.133333 0.866667 0 1 -0
-26 -0 -22 0.066667 0.866667 0 1 -0
-22 -0 -18 0.133333 0.8 0 1 -0
-22 -0 -22 0.133333 0.866667 0 1 -0
-26 -0 -18 0.066667 0.8 0 1 -0
-22 -0 -18 0.133333 0.8 0 1 -0
-18 -0 -22 0.2 0.866667 0 1 -0
-22 -0 -22 0.133333 0.866667 0 1 -0
-18 -0 -18 0.2 0.8 0 1 -0
-18 -0 -22 0.2 0.866667 0 1 -0
-22 -0 -18 0.133333 0.8 0 1 -0
-18 -0 -18 0.2 0.8 0 1 -0
-14 -0 -22 0.266667 0.866667 0 1 -0
-18 -0 -22 0.2 0.866667 0 1 -0
-14 -0 -18 0.266667 0.8 0 1 -0
-14 -0 -22 0.266667 0.866667 0 1 -0
-18 -0 -18 0.2 0.8 0 1 -0
-14 -0 -18 0.266667 0.8 0 1 -0
-10 -0 -22 0.333333 0.866667 0 1 -0
-14 -0 -22 0.266667 0.866667 0 1 -0
-10 -0 -18 0.333333 0.8 0 1 -0
-10 -0 -22 0.333333 0.866667 0 1 -0
-14 -0 -18 0.266667 0.8 0 1 -0
-10 -0 -18 0.333333 0.8 0 1 -0
-6 -0 -22 0.4 0.866667 0 1 -0
-10 -0 -22 0.333333 0.866667 0 1 -0
-6 -0 -18 0.4 0.8 0 1 -0
-6 -0 -22 0.4 0.866667 0 1 -0
-10 -0 -18 0.333333 0.8 0 1 -0
-6 -0 -18 0.4 0.8 0 1 -0
-2 -0 -22 0.466667 0.866667 0 1 -0
-6 -0 -22 0.4 0.866667 0 1 -0
-2 -0 -18 0.466667 0.8 0 1 -0
-2 -0 -22 0.466667 0.866667 0 1 -0
-6 -0 -18 0.4 0.8 0 1 -0
-2 -0 -18 0.466667 0.8 0 1 -0
2 -0 -22 0.533333 0.866667 0 1 -0
-2 -0 -22 0.466667 0.866667 0 1 -0
2 -0 -18 0.533333 0.8 0 1 -0
2 -0 -22 0.533333 0.866667 0 1 -0
-2 -0 -18 0.466667 0.8 0 1 -0
2 -0 -18 0.533333 0.8 0 1 -0
6 -0 -22 0.6 0.866667 0 1 -0
2 -0 -22 0.533333 0.866667 0 1 -0
6 -0 -18 0.6 0.8 0 1 -0
6 -0 -22 0.6 0.866667 0 1 -0
2 -0 -18 0.533333 0.8 0 1 -0
6 -0 -18 0.6 0.8 0 1 -0
10 -0 -22 0.666667 0.866667 0 1 -0
6 -0 -22 0.6 0.866667 0 1 -0
10 -0 -18 0.666667 0.8 0 1 -0
10 -0 -22 0.666667 0.866667 0 1 -0
6 -0 -18 0.6 0.8 0 1 -0
10 -0 -18 0.666667 0.8 0 1 -0
14 -0 -22 0.733333 0.866667 0 1 -0
10 -0 -22 0.666667 0.866667 0 1 -0
14 -0 -18 0.733333 0.8 0 1 -0
14 -0 -22 0.733333 0.866667 0 1 -0
10 -0 -18 0.666667 0.8 0 1 -0
14 -0 -18 0.733333 0.8 0 1 -0
18 -0 -22 0.8 0.866667 0 1 -0
14 -0 -22 0.733333 0.866667 0 1 -0
18 -0 -18 0.8 0.8 0 1 -0
18 -0 -22 0.8 0.866667 0 1 -0
14 -0 -18 0.733333 0.8 0 1 -0
18 -0 -18 0.8 0.8 0 1 -0
22 -0 -22 0.866667 0.866667 0 1 -0
18 -0 -22 0.8 0.866667 0 1 -0
22 -0 -18 0.866667 0.8 0 1 -0
22 -0 -22 0.866667 0.866667 0 1 -0
18 -0 -18 0.8 0.8 0 1 -0
22 -0 -18 0.866667 0.8 0 1 -0
26 -0 -22 0.933333 0.866667 0 1 -0
22 -0 -22 0.866667 0.866667 0 1 -0
26 -0 -18 0.933333 0.8 0 1 -0
26 -0 -22 0.933333 0.866667 0 1 -0
22 -0 -18 0.866667 0.8 0 1 -0
26 -0 -18 0.933333 0.8 0 1 -0
30 -0 -22 1 0.866667 0 1 -0
26 -0 -22 0.933333 0.866667 0 1 -0
30 -0 -18 1 0.8 0 1 -0
30 -0 -22 1 0.866667 0 1 -0
26 -0 -18 0.933333 0.8 0 1 -0
-30 -0 -14 0 0.733333 0 1 -0
-26 -0 -18 0.066667 0.8 0 1 -0
-30 -0 -18 0 0.8 0 1 -0
-26 -0 -14 0.066667 0.733333 0 1 -0
-26 -0 -18 0.066667 0.8 0 1 -0
-30 -0 -14 0 0.733333 0 1 -0
-26 -0 -14 0.066667 0.733333 0 1 -0
-22 -0 -18 0.133333 0.8 0 1 -0
-26 -0 -18 0.066667 0.8 0 1 -0
-22 -0 -14 0.133333 0.733333 0 1 -0
-22 -0 -18 0.133333 0.8 0 1 -0
-26 -0 -14 0.066667 0.733333 0 1 -0
-22 -0 -14 0.133333 0.733333 0 1 -0
-18 -0 -18 0.2 0.8 0 1 -0
-22 -0 -18 0.133333 0.8 0 1 -0
-18 -0 -14 0.2 0.733333 0 1 -0
-18 -0 -18 0.2 0.8 0 1 -0
-22 -0 -14 0.133333 0.733333 0 1 -0
-18 -0 -14 0.2 0.733333 0 1 -0
-14 -0 -18 0.266667 0.8 0 1 -0
-18 -0 -18 0.2 0.8 0 1 -0
-14 -0 -14 0.266667 0.733333 0 1 -0
-14 -0 -18 0.266667 0.8 0 1 -0
-18 -0 -14 0.2 0.733333 0 1 -0
-14 -0 -14 0.266667 0.733333 0 1 -0
-10 -0 -18 0.333333 0.8 0 1 -0
-14 -0 -18 0.266667 0.8 0 1 -0
-10 -0 -14 0.333333 0.733333 0 1 -0
-10 -0 -18 0.333333 0.8 0 1 -0
-14 -0 -14 0.266667 0.733333 0 1 -0
-10 -0 -14 0.333333 0.733333 0 1 -0
-6 -0 -18 0.4 0.8 0 1 -0
-10 -0 -18 0.333333 0.8 0 1 -0
-6 -0 -14 0.4 0.733333 0 1 -0
-6 -0 -18 0.4 0.8 0 1 -0
-10 -0 -14 0.333333 0.733333 0 1 -0
-6 -0 -14 0.4 0.733333 0 1 -0
-2 -0 -18 0.466667 0.8 0 1 -0
-6 -0 -18 0.4 0.8 0 1 -0
-2 -0 -14 0.466667 0.733333 0 1 -0
-2 -0 -18 0.466667 0.8 0 1 -0
-6 -0 -14 0.4 0.733333 0 1 -0
-2 -0 -14 0.466667 0.733333 0 1 -0
2 -0 -18 0.533333 0.8 0 1 -0
-2 -0 -18 0.466667 0.8 0 1 -0
2 -0 -14 0.533333 0.733333 0 1 -0
2 -0 -18 0.533333 0.8 0 1 -0
-2 -0 -14 0.466667 0.733333 0 1 -0
2 -0 -14 0.533333 0.733333 0 1 -0
6 -0 -18 0.6 0.8 0 1 -0
2 -0 -18 0.533333 0.8 0 1 -0
6 -0 -14 0.6 0.733333 0 1 -0
6 -0 -18 0.6 0.8 0 1 -0
2 -0 -14 0.533333 0.733333 0 1 -0
6 -0 -14 0.6 0.733333 0 1 -0
10 -0 -18 0.666667 0.8 0 1 -0
6 -0 -18 0.6 0.8 0 1 -0
10 -0 -14 0.666667 0.733333 0 1 -0
10 -0 -18 0.666667 0.8 0 1 -0
6 -0 -14 0.6 0.733333 0 1 -0
10 -0 -14 0.666667 0.733333 0 1 -0
14 -0 -18 0.733333 0.8 0 1 -0
10 -0 -18 0.666667 0.8 0 1 -0
14 -0 -14 0.733333 0.733333 0 1 -0
14 -0 -18 0.733333 0.8 0 1 -0
10 -0 -14 0.666667 0.733333 0 1 -0
14 -0 -14 0.733333 0.733333 0 1 -0
18 -0 -18 0.8 0.8 0 1 -0
14 -0 -18 0.733333 0.8 0 1 -0
18 -0 -14 0.8 0.733333 0 1 -0
18 -0 -18 0.8 0.8 0 1 -0
14 -0 -14 0.733333 0.733333 0 1 -0
18 -0 -14 0.8 0.733333 0 1 -0
22 -0 -18 0.866667 0.8 0 1 -0
18 -0 -18 0.8 0.8 0 1 -0
22 -0 -14 0.866667 0.733333 0 1 -0
22 -0 -18 0.866667 0.8 0 1 -0
18 -0 -14 0.8 0.733333 0 1 -0
22 -0 -14 0.866667 0.733333 0 1 -0
26 -0 -18 0.933333 0.8 0 1 -0
22 -0 -18 0.866667 0.8 0 1 -0
26 -0 -14 0.933333 0.733333 0 1 -0
26 -0 -18 0.933333 0.8 0 1 -0
22 -0 -14 0.866667 0.733333 0 1 -0
26 -0 -14 0.933333 0.733333 0 1 -0
30 -0 -18 1 0.8 0 1 -0
26 -0 -18 0.933333 0.8 0 1 -0
30 -0 -14 1 0.733333 0 1 -0
30 -0 -18 1 0.8 0 1 -0
26 -0 -14 0.933333 0.733333 0 1 -0
-30 -0 -10 0 0.666667 0 1 -0
-26 -0 -14 0.066667 0.733333 0 1 -0
-30 -0 -14 0 0.733333 0 1 -0
-26 -0 -10 0.066667 0.666667 0 1 -0
-26 -0 -14 0.066667 0.733333 0 1 -0
-30 -0 -10 0 0.666667 0 1 -0
-26 -0 -10 0.066667 0.666667 0 1 -0
-22 -0 -14 0.133333 0.733333 0 1 -0
-26 -0 -14 0.066667 0.733333 0 1 -0
-22 -0 -10 0.133333 0.666667 0 1 -0
-22 -0 -14 0.133333 0.733333 0 1 -0
-26 -0 -10 0.066667 0.666667 0 1 -0
-22 -0 -10 0.133333 0.666667 0 1 -0
-18 -0 -14 0.2 0.733333 0 1 -0
-22 -0 -14 0.133333 0.733333 0 1 -0
-18 -0 -10 0.2 0.666667 0 1 -0
-18 -0 -14 0.2 0.733333 0 1 -0
-22 -0 -10 0.133333 0.666667 0 1 -0
-18 -0 -10 0.2 0.666667 0 1 -0
-14 -0 -14 0.266667 0.733333 0 1 -0
-18 -0 -14 0.2 0.733333 0 1 -0
-14 -0 -10 0.266667 0.666667 0 1 -0
-14 -0 -14 0.266667 0.733333 0 1 -0
-18 -0 -10 0.2 0.666667 0 1 -0
-14 -0 -10 0.266667 0.666667 0 1 -0
-10 -0 -14 0.333333 0.733333 0 1 -0
-14 -0 -14 0.266667 0.733333 0 1 -0
-10 -0 -10 0.333333 0.666667 0 1 -0
-10 -0 -14 0.333333 0.733333 0 1 -0
-14 -0 -10 0.266667 0.666667 0 1 -0
-10 -0 -10 0.333333 0.666667 0 1 -0
-6 -0 -14 0.4 0.733333 0 1 -0
-10 -0 -14 0.333333 0.733333 0 1 -0
-6 -0 -10 0.4 0.666667 0 1 -0
-6 -0 -14 0.4 0.733333 0 1 -0
-10 -0 -10 0.333333 0.666667 0 1 -0
-6 -0 -10 0.4 0.666667 0 1 -0
-2 -0 -14 0.466667 0.733333 0 1 -0
-6 -0 -14 0.4 0.733333 0 1 -0
-2 -0 -10 0.466667 0.666667 0 1 -0
-2 -0 -14 0.466667 0.733333 0 1 -0
-6 -0 -10 0.4 0.666667 0 1 -0
-2 -0 -10 0.466667 0.666667 0 1 -0
2 -0 -14 0.533333 0.733333 0 1 -0
-2 -0 -14 0.466667 0.733333 0 1 -0
2 -0 -10 0.533333 0.666667 0 1 -0
2 -0 -14 0.533333 0.733333 0 1 -0
-2 -0 -10 0.466667 0.666667 0 1 -0
2 -0 -10 0.533333 0.666667 0 1 -0
6 -0 -14 0.6 0.733333 0 1 -0
2 -0 -14 0.533333 0.733333 0 1 -0
6 -0 -10 0.6 0.666667 0 1 -0
6 -0 -14 0.6 0.733333 0 1 -0
2 -0 -10 0.533333 0.666667 0 1 -0
6 -0 -10 0.6 0.666667 0 1 -0
10 -0 -14 0.666667 0.733333 0 1 -0
6 -0 -14 0.6 0.733333 0 1 -0
10 -0 -10 0.666667 0.666667 0 1 -0
10 -0 -14 0.666667 0.733333 0 1 -0
6 -0 -10 0.6 0.666667 0 1 -0
10 -0 -10 0.666667 0.666667 0 1 -0
14 -0 -14 0.733333 0.733333 0 1 -0
10 -0 -14 0.666667 0.733333 0 1 -0
14 -0 -10 0.733333 0.666667 0 1 -0
14 -0 -14 0.733333 0.733333 0 1 -0
10 -0 -10 0.666667 0.666667 0 1 -0
14 -0 -10 0.733333 0.666667 0 1 -0
18 -0 -14 0.8 0.733333 0 1 -0
14 -0 -14 0.733333 0.733333 0 1 -0
18 -0 -10 0.8 0.666667 0 1 -0
18 -0 -14 0.8 0.733333 0 1 -0
14 -0 -10 0.733333 0.666667 0 1 -0
18 -0 -10 0.8 0.666667 0 1 -0
22 -0 -14 0.866667 0.733333 0 1 -0
18 -0 -14 0.8 0.733333 0 1 -0
22 -0 -10 0.866667 0.666667 0 1 -0
22 -0 -14 0.866667 0.733333 0 1 -0
18 -0 -10 0.8 0.666667 0 1 -0
22 -0 -10 0.866667 0.666667 0 1 -0
26 -0 -14 0.933333 0.733333 0 1 -0
22 -0 -14 0.866667 0.733333 0 1 -0
26 -0 -10 0.933333 0.666667 0 1 -0
26 -0 -14 0.933333 0.733333 0 1 -0
22 -0 -10 0.866667 0.666667 0 1 -0
26 -0 -10 0.933333 0.666667 0 1 -0
30 -0 -14 1 0.733333 0 1 -0
26 -0 -14 0.933333 0.733333 0 1 -0
30 -0 -10 1 0.666667 0 1 -0
30 -0 -14 1 0.733333 0 1 -0
26 -0 -10 0.933333 0.666667 0 1 -0
-30 -0 -6 0 0.6 0 1 -0
-26 -0 -10 0.066667 0.666667 0 1 -0
-30 -0 -10 0 0.666667 0 1 -0
-26 -0 -6 0.066667 0.6 0 1 -0
-26 -0 -10 0.066667 0.666667 0 1 -0
-30 -0 -6 0 0.6 0 1 -0
-26 -0 -6 0.066667 0.6 0 1 -0
-22 -0 -10 0.133333 0.666667 0 1 -0
-26 -0 -10 0.066667 0.666667 0 1 -0
-22 -0 -6 0.133333 0.6 0 1 -0
-22 -0 -10 0.133333 0.666667 0 1 -0
-26 -0 -6 0.066667 0.6 0 1 -0
-22 -0 -6 0.133333 0.6 0 1 -0
-18 -0 -10 0.2 0.666667 0 1 -0
-22 -0 -10 0.133333 0.666667 0 1 -0
-18 -0 -6 0.2 0.6 0 1 -0
-18 -0 -10 0.2 0.666667 0 1 -0
-22 -0 -6 0.133333 0.6 0 1 -0
-18 -0 -6 0.2 0.6 0 1 -0
-14 -0 -10 0.266667 0.666667 0 1 -0
-18 -0 -10 0.2 0.666667 0 1 -0
-14 -0 -6 0.266667 0.6 0 1 -0
-14 -0 -10 0.266667 0.666667 0 1 -0
-18 -0 -6 0.2 0.6 0 1 -0
-14 -0 -6 0.266667 0.6 0 1 -0
-10 -0 -10 0.333333 0.666667 0 1 -0
-14 -0 -10 0.266667 0.666667 0 1 -0
-10 -0 -6 0.333333 0.6 0 1 -0
-10 -0 -10 0.333333 0.666667 0 1 -0
-14 -0 -6 0.266667 0.6 0 1 -0
10 -0 -6 0.666667 0.6 0 1 -0
14 -0 -10 0.733333 0.666667 0 1 -0
10 -0 -10 0.666667 0.666667 0 1 -0
14 -0 -6 0.733333 0.6 0 1 -0
14 -0 -10 0.733333 0.666667 0 1 -0
10 -0 -6 0.666667 0.6 0 1 -0
14 -0 -6 0.733333 0.6 0 1 -0
18 -0 -10 0.8 0.666667 0 1 -0
14 -0 -10 0.733333 0.666667 0 1 -0
18 -0 -6 0.8 0.6 0 1 -0
18 -0 -10 0.8 0.666667 0 1 -0
14 -0 -6 0.733333 0.6 0 1 -0
18 -0 -6 0.8 0.6 0 1 -0
22 -0 -10 0.866667 0.666667 0 1 -0
18 -0 -10 0.8 0.666667 0 1 -0
22 -0 -6 0.866667 0.6 0 1 -0
22 -0 -10 0.866667 0.666667 0 1 -0
18 -0 -6 0.8 0.6 0 1 -0
22 -0 -6 0.866667 0.6 0 1 -0
26 -0 -10 0.933333 0.666667 0 1 -0
22 -0 -10 0.866667 0.666667 0 1 -0
26 -0 -6 0.933333 0.6 0 1 -0
26 -0 -10 0.933333 0.666667 0 1 -0
22 -0 -6 0.866667 0.6 0 1 -0
26 -0 -6 0.933333 0.6 0 1 -0
30 -0 -10 1 0.666667 0 1 -0
26 -0 -10 0.933333 0.666667 0 1 -0
30 -0 -6 1 0.6 0 1 -0
30 -0 -10 1 0.666667 0 1 -0
26 -0 -6 0.933333 0.6 0 1 -0
-30 -0 -2 0 0.533333 0 1 -0
-26 -0 -6 0.066667 0.6 0 1 -0
-30 -0 -6 0 0.6 0 1 -0
-26 -0 -2 0.066667 0.533333 0 1 -0
-26 -0 -6 0.066667 0.6 0 1 -0
-30 -0 -2 0 0.533333 0 1 -0
-26 -0 -2 0.066667 0.533333 0 1 -0
-22 -0 -6 0.133333 0.6 0 1 -0
-26 -0 -6 0.066667 0.6 0 1 -0
-22 -0 -2 0.133333 0.533333 0 1 -0
-22 -0 -6 0.133333 0.6 0 1 -0
-26 -0 -2 0.066667 0.533333 0 1 -0
-22 -0 -2 0.133333 0.533333 0 1 -0
-18 -0 -6 0.2 0.6 0 1 -0
-22 -0 -6 0.133333 0.6 0 1 -0
-18 -0 -2 0.2 0.533333 0 1 -0
-18 -0 -6 0.2 0.6 0 1 -0
-22 -0 -2 0.133333 0.533333 0 1 -0
-18 -0 -2 0.2 0.533333 0 1 -0
-14 -0 -6 0.266667 0.6 0 1 -0
-18 -0 -6 0.2 0.6 0 1 -0
-14 -0 -2 0.266667 0.533333 0 1 -0
-14 -0 -6 0.266667 0.6 0 1 -0
-18 -0 -2 0.2 0.533333 0 1 -0
-14 -0 -2 0.266667 0.533333 0 1 -0
-10 -0 -6 0.333333 0.6 0 1 -0
-14 -0 -6 0.266667 0.6 0 1 -0
-10 -0 -2 0.333333 0.533333 0 1 -0
-10 -0 -6 0.333333 0.6 0 1 -0
-14 -0 -2 0.266667 0.533333 0 1 -0
10 -0 -2 0.666667 0.533333 0 1 -0
14 -0 -6 0.733333 0.6 0 1 -0
10 -0 -6 0.666667 0.6 0 1 -0
14 -0 -2 0.733333 0.533333 0 1 -0
14 -0 -6 0.733333 0.6 0 1 -0
10 -0 -2 0.666667 0.533333 0 1 -0
14 -0 -2 0.733333 0.533333 0 1 -0
18 -0 -6 0.8 0.6 0 1 -0
14 -0 -6 0.733333 0.6 0 1 -0
18 -0 -2 0.8 0.533333 0 1 -0
18 -0 -6 0.8 0.6 0 1 -0
14 -0 -2 0.733333 0.533333 0 1 -0
18 -0 -2 0.8 0.533333 0 1 -0
22 -0 -6 0.866667 0.6 0 1 -0
18 -0 -6 0.8 0.6 0 1 -0
22 -0 -2 0.866667 0.533333 0 1 -0
22 -0 -6 0.866667 0.6 0 1 -0
18 -0 -2 0.8 0.533333 0 1 -0
22 -0 -2 0.866667 0.533333 0 1 -0
26 -0 -6 0.933333 0.6 0 1 -0
22 -0 -6 0.866667 0.6 0 1 -0
26 -0 -2 0.933333 0.533333 0 1 -0
26 -0 -6 0.933333 0.6 0 1 -0
22 -0 -2 0.866667 0.533333 0 1 -0
26 -0 -2 0.933333 0.533333 0 1 -0
30 -0 -6 1 0.6 0 1 -0
26 -0 -6 0.933333 0.6 0 1 -0
30 -0 -2 1 0.533333 0 1 -0
30 -0 -6 1 0.6 0 1 -0
26 -0 -2 0.933333 0.533333 0 1 -0
-30 0 2 0 0.466667 0 1 -0
-26 -0 -2 0.066667 0.533333 0 1 -0
-30 -0 -2 0 0.533333 0 1 -0
-26 0 2 0.066667 0.466667 0 1 -0
-26 -0 -2 0.066667 0.533333 0 1 -0
-30 0 2 0 0.466667 0 1 -0
-26 0 2 0.066667 0.466667 0 1 -0
-22 -0 -2 0.133333 0.533333 0 1 -0
-26 -0 -2 0.066667 0.533333 0 1 -0
-22 0 2 0.133333 0.466667 0 1 -0
-22 -0 -2 0.133333 0.533333 0 1 -0
-26 0 2 0.066667 0.466667 0 1 -0
-22 0 2 0.133333 0.466667 0 1 -0
-18 -0 -2 0.2 0.533333 0 1 -0
-22 -0 -2 0.133333 0.533333 0 1 -0
-18 0 2 0.2 0.466667 0 1 -0
-18 -0 -2 0.2 0.533333 0 1 -0
-22 0 2 0.133333 0.466667 0 1 -0
-18 0 2 0.2 0.466667 0 1 -0
-14 -0 -2 0.266667 0.533333 0 1 -0
-18 -0 -2 0.2 0.533333 0 1 -0
-14 0 2 0.266667 0.466667 0 1 -0
-14 -0 -2 0.266667 0.533333 0 1 -0
-18 0 2 0.2 0.466667 0 1 -0
-14 0 2 0.266667 0.466667 0 1 -0
-10 -0 -2 0.333333 0.533333 0 1 -0
-14 -0 -2 0.266667 0.533333 0 1 -0
-10 0 2 0.333333 0.466667 0 1 -0
-10 -0 -2 0.333333 0.533333 0 1 -0
-14 0 2 0.266667 0.466667 0 1 -0
10 0 2 0.666667 0.466667 0 1 -0
14 -0 -2 0.733333 0.533333 0 1 -0
10 -0 -2 0.666667 0.533333 0 1 -0
14 0 2 0.733333 0.466667 0 1 -0
14 -0 -2 0.733333 0.533333 0 1 -0
10 0 2 0.666667 0.466667 0 1 -0
14 0 2 0.733333 0.466667 0 1 -0
18 -0 -2 0.8 0.533333 0 1 -0
14 -0 -2 0.733333 0.533333 0 1 -0
18 0 2 0.8 0.466667 0 1 -0
18 -0 -2 0.8 0.533333 0 1 -0
14 0 2 0.733333 0.466667 0 1 -0
18 0 2 0.8 0.466667 0 1 -0
22 -0 -2 0.866667 0.533333 0 1 -0
18 -0 -2 0.8 0.533333 0 1 -0
22 0 2 0.866667 0.466667 0 1 -0
22 -0 -2 0.866667 0.533333 0 1 -0
18 0 2 0.8 0.466667 0 1 -0
22 0 2 0.866667 0.466667 0 1 -0
26 -0 -2 0.933333 0.533333 0 1 -0
22 -0 -2 0.866667 0.533333 0 1 -0
26 0 2 0.933333 0.466667 0 1 -0
26 -0 -2 0.933333 0.533333 0 1 -0
22 0 2 0.866667 0.466667 0 1 -0
26 0 2 0.933333 0.466667 0 1 -0
30 -0 -2 1 0.533333 0 1 -0
26 -0 -2 0.933333 0.533333 0 1 -0
30 0 2 1 0.466667 0 1 -0
30 -0 -2 1 0.533333 0 1 -0
26 0 2 0.933333 0.466667 0 1 -0
-30 0 6 0 0.4 0 1 -0
-26 0 2 0.066667 0.466667 0 1 -0
-30 0 2 0 0.466667 0 1 -0
-26 0 6 0.066667 0.4 0 1 -0
-26 0 2 0.066667 0.466667 0 1 -0
-30 0 6 0 0.4 0 1 -0
-26 0 6 0.066667 0.4 0 1 -0
-22 0 2 0.133333 0.466667 0 1 -0
-26 0 2 0.066667 0.466667 0 1 -0
-22 0 6 0.133333 0.4 0 1 -0
-22 0 2 0.133333 0.466667 0 1 -0
-26 0 6 0.066667 0.4 0 1 -0
-22 0 6 0.133333 0.4 0 1 -0
-18 0 2 0.2 0.466667 0 1 -0
-22 0 2 0.133333 0.466667 0 1 -0
-18 0 6 0.2 0.4 0 1 -0
-18 0 2 0.2 0.466667 0 1 -0
-22 0 6 0.133333 0.4 0 1 -0
-18 0 6 0.2 0.4 0 1 -0
-14 0 2 0.266667 0.466667 0 1 -0
-18 0 2 0.2 0.466667 0 1 -0
-14 0 6 0.266667 0.4 0 1 -0
-14 0 2 0.266667 0.466667 0 1 -0
-18 0 6 0.2 0.4 0 1 -0
-14 0 6 0.266667 0.4 0 1 -0
-10 0 2 0.333333 0.466667 0 1 -0
-14 0 2 0.266667 0.466667 0 1 -0
-10 0 6 0.333333 0.4 0 1 -0
-10 0 2 0.333333 0.466667 0 1 -0
-14 0 6 0.266667 0.4 0 1 -0
10 0 6 0.666667 0.4 0 1 -0
14 0 2 0.733333 0.466667 0 1 -0
10 0 2 0.666667 0.466667 0 1 -0
14 0 6 0.733333 0.4 0 1 -0
14 0 2 0.733333 0.466667 0 1 -0
10 0 6 0.666667 0.4 0 1 -0
14 0 6 0.733333 0.4 0 1 -0
18 0 2 0.8 0.466667 0 1 -0
14 0 2 0.733333 0.466667 0 1 -0
18 0 6 0.8 0.4 0 1 -0
18 0 2 0.8 0.466667 0 1 -0
14 0 6 0.733333 0.4 0 1 -0
18 0 6 0.8 0.4 0 1 -0
22 0 2 0.866667 0.466667 0 1 -0
18 0 2 0.8 0.466667 0 1 -0
22 0 6 0.866667 0.4 0 1 -0
22 0 2 0.866667 0.466667 0 1 -0
18 0 6 0.8 0.4 0 1 -0
22 0 6 0.866667 0.4 0 1 -0
26 0 2 0.933333 0.466667 0 1 -0
22 0 2 0.866667 0.466667 0 1 -0
26 0 6 0.933333 0.4 0 1 -0
26 0 2 0.933333 0.466667 0 1 -0
22 0 6 0.866667 0.4 0 1 -0
26 0 6 0.933333 0.4 0 1 -0
30 0 2 1 0.466667 0 1 -0
26 0 2 0.933333 0.466667 0 1 -0
30 0 6 1 0.4 0 1 -0
30 0 2 1 0.466667 0 1 -0
26 0 6 0.933333 0.4 0 1 -0
-30 0 10 0 0.333333 0 1 -0
-26 0 6 0.066667 0.4 0 1 -0
-30 0 6 0 0.4 0 1 -0
-26 0 10 0.066667 0.333333 0 1 -0
-26 0 6 0.066667 0.4 0 1 -0
-30 0 10 0 0.333333 0 1 -0
-26 0 10 0.066667 0.333333 0 1 -0
-22 0 6 0.133333 0.4 0 1 -0
-26 0 6 0.066667 0.4 0 1 -0
-22 0 10 0.133333 0.333333 0 1 -0
-22 0 6 0.133333 0.4 0 1 -0
-26 0 10 0.066667 0.333333 0 1 -0
-22 0 10 0.133333 0.333333 0 1 -0
-18 0 6 0.2 0.4 0 1 -0
-22 0 6 0.133333 0.4 0 1 -0
-18 0 10 0.2 0.333333 0 1 -0
-18 0 6 0.2 0.4 0 1 -0
-22 0 10 0.133333 0.333333 0 1 -0
-18 0 10 0.2 0.333333 0 1 -0
-14 0 6 0.266667 0.4 0 1 -0
-18 0 6 0.2 0.4 0 1 -0
-14 0 10 0.266667 0.333333 0 1 -0
-14 0 6 0.266667 0.4 0 1 -0
-18 0 10 0.2 0.333333 0 1 -0
-14 0 10 0.266667 0.333333 0 1 -0
-10 0 6 0.333333 0.4 0 1 -0
-14 0 6 0.266667 0.4 0 1 -0
-10 0 10 0.333333 0.333333 0 1 -0
-10 0 6 0.333333 0.4 0 1 -0
-14 0 10 0.266667 0.333333 0 1 -0
10 0 10 0.666667 0.333333 0 1 -0
14 0 6 0.733333 0.4 0 1 -0
10 0 6 0.666667 0.4 0 1 -0
14 0 10 0.733333 0.333333 0 1 -0
14 0 6 0.733333 0.4 0 1 -0
10 0 10 0.666667 0.333333 0 1 -0
14 0 10 0.733333 0.333333 0 1 -0
18 0 6 0.8 0.4 0 1 -0
14 0 6 0.733333 0.4 0 1 -0
18 0 10 0.8 0.333333 0 1 -0
18 0 6 0.8 0.4 0 1 -0
14 0 10 0.733333 0.333333 0 1 -0
18 0 10 0.8 0.333333 0 1 -0
22 0 6 0.866667 0.4 0 1 -0
18 0 6 0.8 0.4 0 1 -0
22 0 10 0.866667 0.333333 0 1 -0
22 0 6 0.866667 0.4 0 1 -0
18 0 10 0.8 0.333333 0 1 -0
22 0 10 0.866667 0.333333 0 1 -0
26 0 6 0.933333 0.4 0 1 -0
22 0 6 0.866667 0.4 0 1 -0
26 0 10 0.933333 0.333333 0 1 -0
26 0 6 0.933333 0.4 0 1 -0
22 0 10 0.866667 0.333333 0 1 -0
26 0 10 0.933333 0.333333 0 1 -0
30 0 6 1 0.4 0 1 -0
26 0 6 0.933333 0.4 0 1 -0
30 0 10 1 0.333333 0 1 -0
30 0 6 1 0.4 0 1 -0
26 0 10 0.933333 0.333333 0 1 -0
-30 0 14 0 0.266667 0 1 -0
-26 0 10 0.066667 0.333333 0 1 -0
-30 0 10 0 0.333333 0 1 -0
-26 0 14 0.066667 0.266667 0 1 -0
-26 0 10 0.066667 0.333333 0 1 -0
-30 0 14 0 0.266667 0 1 -0
-26 0 14 0.066667 0.266667 0 1 -0
-22 0 10 0.133333 0.333333 0 1 -0
-26 0 10 0.066667 0.333333 0 1 -0
-22 0 14 0.133333 0.266667 0 1 -0
-22 0 10 0.133333 0.333333 0 1 -0
-26 0 14 0.066667 0.266667 0 1 -0
-22 0 14 0.133333 0.266667 0 1 -0
-18 0 10 0.2 0.333333 0 1 -0
-22 0 10 0.133333 0.333333 0 1 -0
-18 0 14 0.2 0.266667 0 1 -0
-18 0 10 0.2 0.333333 0 1 -0
-22 0 14 0.133333 0.266667 0 1 -0
-18 0 14 0.2 0.266667 0 1 -0
-14 0 10 0.266667 0.333333 0 1 -0
-18 0 10 0.2 0.333333 0 1 -0
-14 0 14 0.266667 0.266667 0 1 -0
-14 0 10 0.266667 0.333333 0 1 -0
-18 0 14 0.2 0.266667 0 1 -0
-14 0 14 0.266667 0.266667 0 1 -0
-10 0 10 0.333333 0.333333 0 1 -0
-14 0 10 0.266667 0.333333 0 1 -0
-10 0 14 0.333333 0.266667 0 1 -0
-10 0 10 0.333333 0.333333 0 1 -0
-14 0 14 0.266667 0.266667 0 1 -0
-10 0 14 0.333333 0.266667 0 1 -0
-6 0 10 0.4 0.333333 0 1 -0
-10 0 10 0.333333 0.333333 0 1 -0
-6 0 14 0.4 0.266667 0 1 -0
-6 0 10 0.4 0.333333 0 1 -0
-10 0 14 0.333333 0.266667 0 1 -0
-6 0 14 0.4 0.266667 0 1 -0
-2 0 10 0.466667 0.333333 0 1 -0
-6 0 10 0.4 0.333333 0 1 -0
-2 0 14 0.466667 0.266667 0 1 -0
-2 0 10 0.466667 0.333333 0 1 -0
-6 0 14 0.4 0.266667 0 1 -0
-2 0 14 0.466667 0.266667 0 1 -0
2 0 10 0.533333 0.333333 0 1 -0
-2 0 10 0.466667 0.333333 0 1 -0
2 0 14 0.533333 0.266667 0 1 -0
2 0 10 0.533333 0.333333 0 1 -0
-2 0 14 0.466667 0.266667 0 1 -0
2 0 14 0.533333 0.266667 0 1 -0
6 0 10 0.6 0.333333 0 1 -0
2 0 10 0.533333 0.333333 0 1 -0
6 0 14 0.6 0.266667 0 1 -0
6 0 10 0.6 0.333333 0 1 -0
2 0 14 0.533333 0.266667 0 1 -0
6 0 14 0.6 0.266667 0 1 -0
10 0 10 0.666667 0.333333 0 1 -0
6 0 10 0.6 0.333333 0 1 -0
10 0 14 0.666667 0.266667 0 1 -0
10 0 10 0.666667 0.333333 0 1 -0
6 0 14 0.6 0.266667 0 1 -0
10 0 14 0.666667 0.266667 0 1 -0
14 0 10 0.733333 0.333333 0 1 -0
10 0 10 0.666667 0.333333 0 1 -0
14 0 14 0.733333 0.266667 0 1 -0
14 0 10 0.733333 0.333333 0 1 -0
10 0 14 0.666667 0.266667 0 1 -0
14 0 14 0.733333 0.266667 0 1 -0
18 0 10 0.8 0.333333 0 1 -0
14 0 10 0.733333 0.333333 0 1 -0
18 0 14 0.8 0.266667 0 1 -0
18 0 10 0.8 0.333333 0 1 -0
14 0 14 0.733333 0.266667 0 1 -0
18 0 14 0.8 0.266667 0 1 -0
22 0 10 0.866667 0.333333 0 1 -0
18 0 10 0.8 0.333333 0 1 -0
22 0 14 0.866667 0.266667 0 1 -0
22 0 10 0.866667 0.333333 0 1 -0
18 0 14 0.8 0.266667 0 1 -0
22 0 14 0.866667 0.266667 0 1 -0
26 0 10 0.933333 0.333333 0 1 -0
22 0 10 0.866667 0.333333 0 1 -0
26 0 14 0.933333 0.266667 0 1 -0
26 0 10 0.933333 0.333333 0 1 -0
22 0 14 0.866667 0.266667 0 1 -0
26 0 14 0.933333 0.266667 0 1 -0
30 0 10 1 0.333333 0 1 -0
26 0 10 0.933333 0.333333 0 1 -0
30 0 14 1 0.266667 0 1 -0
30 0 10 1 0.333333 0 1 -0
26 0 14 0.933333 0.266667 0 1 -0
-30 0 18 0 0.2 0 1 -0
-26 0 14 0.066667 0.266667 0 1 -0
-30 0 14 0 0.266667 0 1 -0
-26 0 18 0.066667 0.2 0 1 -0
-26 0 14 0.066667 0.266667 0 1 -0
-30 0 18 0 0.2 0 1 -0
-26 0 18 0.066667 0.2 0 1 -0
-22 0 14 0.133333 0.266667 0 1 -0
-26 0 14 0.066667 0.266667 0 1 -0
-22 0 18 0.133333 0.2 0 1 -0
-22 0 14 0.133333 0.266667 0 1 -0
-26 0 18 0.066667 0.2 0 1 -0
-22 0 18 0.133333 0.2 0 1 -0
-18 0 14 0.2 0.266667 0 1 -0
-22 0 14 0.133333 0.266667 0 1 -0
-18 0 18 0.2 0.2 0 1 -0
-18 0 14 0.2 0.266667 0 1 -0
-22 0 18 0.133333 0.2 0 1 -0
-18 0 18 0.2 0.2 0 1 -0
-14 0 14 0.266667 0.266667 0 1 -0
-18 0 14 0.2 0.266667 0 1 -0
-14 0 18 0.266667 0.2 0 1 -0
-14 0 14 0.266667 0.266667 0 1 -0
-18 0 18 0.2 0.2 0 1 -0
-14 0 18 0.266667 0.2 0 1 -0
-10 0 14 0.333333 0.266667 0 1 -0
-14 0 14 0.266667 0.266667 0 1 -0
-10 0 18 0.333333 0.2 0 1 -0
-10 0 14 0.333333 0.266667 0 1 -0
-14 0 18 0.266667 0.2 0 1 -0
-10 0 18 0.333333 0.2 0 1 -0
-6 0 14 0.4 0.266667 0 1 -0
-10 0 14 0.333333 0.266667 0 1 -0
-6 0 18 0.4 0.2 0 1 -0
-6 0 14 0.4 0.266667 0 1 -0
-10 0 18 0.333333 0.2 0 1 -0
-6 0 18 0.4 0.2 0 1 -0
-2 0 14 0.466667 0.266667 0 1 -0
-6 0 14 0.4 0.266667 0 1 -0
-2 0 18 0.466667 0.2 0 1 -0
-2 0 14 0.466667 0.266667 0 1 -0
-6 0 18 0.4 0.2 0 1 -0
-2 0 18 0.466667 0.2 0 1 -0
2 0 14 0.533333 0.266667 0 1 -0
-2 0 14 0.466667 0.266667 0 1 -0
2 0 18 0.533333 0.2 0 1 -0
2 0 14 0.533333 0.266667 0 1 -0
-2 0 18 0.466667 0.2 0 1 -0
2 0 18 0.533333 0.2 0 1 -0
6 0 14 0.6 0.266667 0 1 -0
2 0 14 0.533333 0.266667 0 1 -0
6 0 18 0.6 0.2 0 1 -0
6 0 14 0.6 0.266667 0 1 -0
2 0 18 0.533333 0.2 0 1 -0
6 0 18 0.6 0.2 0 1 -0
10 0 14 0.666667 0.266667 0 1 -0
6 0 14 0.6 0.266667 0 1 -0
10 0 18 0.666667 0.2 0 1 -0
10 0 14 0.666667 0.266667 0 1 -0
6 0 18 0.6 0.2 0 1 -0
10 0 18 0.666667 0.2 0 1 -0
14 0 14 0.733333 0.266667 0 1 -0
10 0 14 0.666667 0.266667 0 1 -0
14 0 18 0.733333 0.2 0 1 -0
14 0 14 0.733333 0.266667 0 1 -0
10 0 18 0.666667 0.2 0 1 -0
14 0 18 0.733333 0.2 0 1 -0
18 0 14 0.8 0.266667 0 1 -0
14 0 14 0.733333 0.266667 0 1 -0
18 0 18 0.8 0.2 0 1 -0
18 0 14 0.8 0.266667 0 1 -0
14 0 18 0.733333 0.2 0 1 -0
18 0 18 0.8 0.2 0 1 -0
22 0 14 0.866667 0.266667 0 1 -0
18 0 14 0.8 0.266667 0 1 -0
22 0 18 0.866667 0.2 0 1 -0
22 0 14 0.866667 0.266667 0 1 -0
18 0 18 0.8 0.2 0 1 -0
22 0 18 0.866667 0.2 0 1 -0
26 0 14 0.933333 0.266667 0 1 -0
22 0 14 0.866667 0.266667 0 1 -0
26 0 18 0.933333 0.2 0 1 -0
26 0 14 0.933333 0.266667 0 1 -0
22 0 18 0.866667 0.2 0 1 -0
26 0 18 0.933333 0.2 0 1 -0
30 0 14 1 0.266667 0 1 -0
26 0 14 0.933333 0.266667 0 1 -0
30 0 18 1 0.2 0 1 -0
30 0 14 1 0.266667 0 1 -0
26 0 18 0.933333 0.2 0 1 -0
-30 0 22 0 0.133333 0 1 -0
-26 0 18 0.066667 0.2 0 1 -0
-30 0 18 0 0.2 0 1 -0
-26 0 22 0.066667 0.133333 0 1 -0
-26 0 18 0.066667 0.2 0 1 -0
-30 0 22 0 0.133333 0 1 -0
-26 0 22 0.066667 0.133333 0 1 -0
-22 0 18 0.133333 0.2 0 1 -0
-26 0 18 0.066667 0.2 0 1 -0
-22 0 22 0.133333 0.133333 0 1 -0
-22 0 18 0.133333 0.2 0 1 -0
-26 0 22 0.066667 0.133333 0 1 -0
-22 0 22 0.133333 0.133333 0 1 -0
-18 0 18 0.2 0.2 0 1 -0
-22 0 18 0.133333 0.2 0 1 -0
-18 0 22 0.2 0.133333 0 1 -0
-18 0 18 0.2 0.2 0 1 -0
-22 0 22 0.133333 0.133333 0 1 -0
-18 0 22 0.2 0.133333 0 1 -0
-14 0 18 0.266667 0.2 0 1 -0
-18 0 18 0.2 0.2 0 1 -0
-14 0 22 0.266667 0.133333 0 1 -0
-14 0 18 0.266667 0.2 0 1 -0
-18 0 22 0.2 0.133333 0 1 -0
-14 0 22 0.266667 0.133333 0 1 -0
-10 0 18 0.333333 0.2 0 1 -0
-14 0 18 0.266667 0.2 0 1 -0
-10 0 22 0.333333 0.133333 0 1 -0
-10 0 18 0.333333 0.2 0 1 -0
-14 0 22 0.266667 0.133333 0 1 -0
-10 0 22 0.333333 0.133333 0 1 -0
-6 0 18 0.4 0.2 0 1 -0
-10 0 18 0.333333 0.2 0 1 -0
-6 0 22 0.4 0.133333 0 1 -0
-6 0 18 0.4 0.2 0 1 -0
-10 0 22 0.333333 0.133333 0 1 -0
-6 0 22 0.4 0.133333 0 1 -0
-2 0 18 0.466667 0.2 0 1 -0
-6 0 18 0.4 0.2 0 1 -0
-2 0 22 0.466667 0.133333 0 1 -0
-2 0 18 0.466667 0.2 0 1 -0
-6 0 22 0.4 0.133333 0 1 -0
-2 0 22 0.466667 0.133333 0 1 -0
2 0 18 0.533333 0.2 0 1 -0
-2 0 18 0.466667 0.2 0 1 -0
2 0 22 0.533333 0.133333 0 1 -0
2 0 18 0.533333 0.2 0 1 -0
-2 0 22 0.466667 0.133333 0 1 -0
2 0 22 0.533333 0.133333 0 1 -0
6 0 18 0.6 0.2 0 1 -0
2 0 18 0.533333 0.2 0 1 -0
6 0 22 0.6 0.133333 0 1 -0
6 0 18 0.6 0.2 0 1 -0
2 0 22 0.533333 0.133333 0 1 -0
6 0 22 0.6 0.133333 0 1 -0
10 0 18 0.666667 0.2 0 1 -0
6 0 18 0.6 0.2 0 1 -0
10 0 22 0.666667 0.133333 0 1 -0
10 0 18 0.666667 0.2 0 1 -0
6 0 22 0.6 0.133333 0 1 -0
10 0 22 0.666667 0.133333 0 1 -0
14 0 18 0.733333 0.2 0 1 -0
10 0 18 0.666667 0.2 0 1 -0
14 0 22 0.733333 0.133333 0 1 -0
14 0 18 0.733333 0.2 0 1 -0
10 0 22 0.666667 0.133333 0 1 -0
14 0 22 0.733333 0.133333 0 1 -0
18 0 18 0.8 0.2 0 1 -0
14 0 18 0.733333 0.2 0 1 -0
18 0 22 0.8 0.133333 0 1 -0
18 0 18 0.8 0.2 0 1 -0
14 0 22 0.733333 0.133333 0 1 -0
18 0 22 0.8 0.133333 0 1 -0
22 0 18 0.866667 0.2 0 1 -0
18 0 18 0.8 0.2 0 1 -0
22 0 22 0.866667 0.133333 0 1 -0
22 0 18 0.866667 0.2 0 1 -0
18 0 22 0.8 0.133333 0 1 -0
22 0 22 0.866667 0.133333 0 1 -0
26 0 18 0.933333 0.2 0 1 -0
22 0 18 0.866667 0.2 0 1 -0
26 0 22 0.933333 0.133333 0 1 -0
26 0 18 0.933333 0.2 0 1 -0
22 0 22 0.866667 0.133333 0 1 -0
26 0 22 0.933333 0.133333 0 1 -0
30 0 18 1 0.2 0 1 -0
26 0 18 0.933333 0.2 0 1 -0
30 0 22 1 0.133333 0 1 -0
30 0 18 1 0.2 0 1 -0
26 0 22 0.933333 0.133333 0 1 -0
-30 0 26 0 0.066667 0 1 -0
-26 0 22 0.066667 0.133333 0 1 -0
-30 0 22 0 0.133333 0 1 -0
-26 0 26 0.066667 0.066667 0 1 -0
-26 0 22 0.066667 0.133333 0 1 -0
-30 0 26 0 0.066667 0 1 -0
-26 0 26 0.066667 0.066667 0 1 -0
-22 0 22 0.133333 0.133333 0 1 -0
-26 0 22 0.066667 0.133333 0 1 -0
-22 0 26 0.133333 0.066667 0 1 -0
-22 0 22 0.133333 0.133333 0 1 -0
-26 0 26 0.066667 0.066667 0 1 -0
-22 0 26 0.133333 0.066667 0 1 -0
-18 0 22 0.2 0.133333 0 1 -0
-22 0 22 0.133333 0.133333 0 1 -0
-18 0 26 0.2 0.066667 0 1 -0
-18 0 22 0.2 0.133333 0 1 -0
-22 0 26 0.133333 0.066667 0 1 -0
-18 0 26 0.2 0.066667 0 1 -0
-14 0 22 0.266667 0.133333 0 1 -0
-18 0 22 0.2 0.133333 0 1 -0
-14 0 26 0.266667 0.066667 0 1 -0
-14 0 22 0.266667 0.133333 0 1 -0
-18 0 26 0.2 0.066667 0 1 -0
-14 0 26 0.266667 0.066667 0 1 -0
-10 0 22 0.333333 0.133333 0 1 -0
-14 0 22 0.266667 0.133333 0 1 -0
-10 0 26 0.333333 0.066667 0 1 -0
-10 0 22 0.333333 0.133333 0 1 -0
-14 0 26 0.266667 0.066667 0 1 -0
-10 0 26 0.333333 0.066667 0 1 -0
-6 0 22 0.4 0.133333 0 1 -0
-10 0 22 0.333333 0.133333 0 1 -0
-6 0 26 0.4 0.066667 0 1 -0
-6 0 22 0.4 0.133333 0 1 -0
-10 0 26 0.333333 0.066667 0 1 -0
-6 0 26 0.4 0.066667 0 1 -0
-2 0 22 0.466667 0.133333 0 1 -0
-6 0 22 0.4 0.133333 0 1 -0
-2 0 26 0.466667 0.066667 0 1 -0
-2 0 22 0.466667 0.133333 0 1 -0
-6 0 26 0.4 0.066667 0 1 -0
-2 0 26 0.466667 0.066667 0 1 -0
2 0 22 0.533333 0.133333 0 1 -0
-2 0 22 0.466667 0.133333 0 1 -0
2 0 26 0.533333 0.066667 0 1 -0
2 0 22 0.533333 0.133333 0 1 -0
-2 0 26 0.466667 0.066667 0 1 -0
2 0 26 0.533333 0.066667 0 1 -0
6 0 22 0.6 0.133333 0 1 -0
2 0 22 0.533333 0.133333 0 1 -0
6 0 26 0.6 0.066667 0 1 -0
6 0 22 0.6 0.133333 0 1 -0
2 0 26 0.533333 0.066667 0 1 -0
6 0 26 0.6 0.066667 0 1 -0
10 0 22 0.666667 0.133333 0 1 -0
6 0 22 0.6 0.133333 0 1 -0
10 0 26 0.666667 0.066667 0 1 -0
10 0 22 0.666667 0.133333 0 1 -0
6 0 26 0.6 0.066667 0 1 -0
10 0 26 0.666667 0.066667 0 1 -0
14 0 22 0.733333 0.133333 0 1 -0
10 0 22 0.666667 0.133333 0 1 -0
14 0 26 0.733333 0.066667 0 1 -0
14 0 22 0.733333 0.133333 0 1 -0
10 0 26 0.666667 0.066667 0 1 -0
14 0 26 0.733333 0.066667 0 1 -0
18 0 22 0.8 0.133333 0 1 -0
14 0 22 0.733333 0.133333 0 1 -0
18 0 26 0.8 0.066667 0 1 -0
18 0 22 0.8 0.133333 0 1 -0
14 0 26 0.733333 0.066667 0 1 -0
18 0 26 0.8 0.066667 0 1 -0
22 0 22 0.866667 0.133333 0 1 -0
18 0 22 0.8 0.133333 0 1 -0
22 0 26 0.866667 0.066667 0 1 -0
22 0 22 0.866667 0.133333 0 1 -0
18 0 26 0.8 0.066667 0 1 -0
22 0 26 0.866667 0.066667 0 1 -0
26 0 22 0.933333 0.133333 0 1 -0
22 0 22 0.866667 0.133333 0 1 -0
26 0 26 0.933333 0.066667 0 1 -0
26 0 22 0.933333 0.133333 0 1 -0
22 0 26 0.866667 0.066667 0 1 -0
26 0 26 0.933333 0.066667 0 1 -0
30 0 22 1 0.133333 0 1 -0
26 0 22 0.933333 0.133333 0 1 -0
30 0 26 1 0.066667 0 1 -0
30 0 22 1 0.133333 0 1 -0
26 0 26 0.933333 0.066667 0 1 -0
-30 0 30 0 0 0 1 -0
-26 0 26 0.066667 0.066667 0 1 -0
-30 0 26 0 0.066667 0 1 -0
-26 0 30 0.066667 0 0 1 -0
-26 0 26 0.066667 0.066667 0 1 -0
-30 0 30 0 0 0 1 -0
-26 0 30 0.066667 0 0 1 -0
-22 0 26 0.133333 0.066667 0 1 -0
-26 0 26 0.066667 0.066667 0 1 -0
-22 0 30 0.133333 0 0 1 -0
-22 0 26 0.133333 0.066667 0 1 -0
-26 0 30 0.066667 0 0 1 -0
-22 0 30 0.133333 0 0 1 -0
-18 0 26 0.2 0.066667 0 1 -0
-22 0 26 0.133333 0.066667 0 1 -0
-18 0 30 0.2 0 0 1 -0
-18 0 26 0.2 0.066667 0 1 -0
-22 0 30 0.133333 0 0 1 -0
-18 0 30 0.2 0 0 1 -0
-14 0 26 0.266667 0.066667 0 1 -0
-18 0 26 0.2 0.066667 0 1 -0
-14 0 30 0.266667 0 0 1 -0
-14 0 26 0.266667 0.066667 0 1 -0
-18 0 30 0.2 0 0 1 -0
-14 0 30 0.266667 0 0 1 -0
-10 0 26 0.333333 0.066667 0 1 -0
-14 0 26 0.266667 0.066667 0 1 -0
-10 0 30 0.333333 0 0 1 -0
-10 0 26 0.333333 0.066667 0 1 -0
-14 0 30 0.266667 0 0 1 -0
-10 0 30 0.333333 0 0 1 -0
-6 0 26 0.4 0.066667 0 1 -0
-10 0 26 0.333333 0.066667 0 1 -0
-6 0 30 0.4 0 0 1 -0
-6 0 26 0.4 0.066667 0 1 -0
-10 0 30 0.333333 0 0 1 -0
-6 0 30 0.4 0 0 1 -0
-2 0 26 0.466667 0.066667 0 1 -0
-6 0 26 0.4 0.066667 0 1 -0
-2 0 30 0.466667 0 0 1 -0
-2 0 26 0.466667 0.066667 0 1 -0
-6 0 30 0.4 0 0 1 -0
-2 0 30 0.466667 0 0 1 -0
2 0 26 0.533333 0.066667 0 1 -0
-2 0 26 0.466667 0.066667 0 1 -0
2 0 30 0.533333 0 0 1 -0
2 0 26 0.533333 0.066667 0 1 -0
-2 0 30 0.466667 0 0 1 -0
2 0 30 0.533333 0 0 1 -0
6 0 26 0.6 0.066667 0 1 -0
2 0 26 0.533333 0.066667 0 1 -0
6 0 30 0.6 0 0 1 -0
6 0 26 0.6 0.066667 0 1 -0
2 0 30 0.533333 0 0 1 -0
6 0 30 0.6 0 0 1 -0
10 0 26 0.666667 0.066667 0 1 -0
6 0 26 0.6 0.066667 0 1 -0
10 0 30 0.666667 0 0 1 -0
10 0 26 0.666667 0.066667 0 1 -0
6 0 30 0.6 0 0 1 -0
10 0 30 0.666667 0 0 1 -0
14 0 26 0.733333 0.066667 0 1 -0
10 0 26 0.666667 0.066667 0 1 -0
14 0 30 0.733333 0 0 1 -0
14 0 26 0.733333 0.066667 0 1 -0
10 0 30 0.666667 0 0 1 -0
14 0 30 0.733333 0 0 1 -0
18 0 26 0.8 0.066667 0 1 -0
14 0 26 0.733333 0.066667 0 1 -0
18 0 30 0.8 0 0 1 -0
18 0 26 0.8 0.066667 0 1 -0
14 0 30 0.733333 0 0 1 -0
18 0 30 0.8 0 0 1 -0
22 0 26 0.866667 0.066667 0 1 -0
18 0 26 0.8 0.066667 0 1 -0
22 0 30 0.866667 0 0 1 -0
22 0 26 0.866667 0.066667 0 1 -0
18 0 30 0.8 0 0 1 -0
22 0 30 0.866667 0 0 1 -0
26 0 26 0.933333 0.066667 0 1 -0
22 0 26 0.866667 0.066667 0 1 -0
26 0 30 0.933333 0 0 1 -0
26 0 26 0.933333 0.066667 0 1 -0
22 0 30 0.866667 0 0 1 -0
26 0 30 0.933333 0 0 1 -0
30 0 26 1 0.066667 0 1 -0
26 0 26 0.933333 0.066667 0 1 -0
30 0 30 1 0 0 1 -0
30 0 26 1 0.066667 0 1 -0
26 0 30 0.933333 0 0 1 -0
